{
 "cells": [
  {
   "cell_type": "code",
   "execution_count": 7,
   "metadata": {},
   "outputs": [
    {
     "name": "stdout",
     "output_type": "stream",
     "text": [
      "The autoreload extension is already loaded. To reload it, use:\n",
      "  %reload_ext autoreload\n"
     ]
    }
   ],
   "source": [
    "import pandas as pd\n",
    "import numpy as np\n",
    "import pickle\n",
    "from src import helpers\n",
    "import math\n",
    "%load_ext autoreload\n",
    "%autoreload 2"
   ]
  },
  {
   "cell_type": "markdown",
   "metadata": {},
   "source": [
    "# Google Documentation"
   ]
  },
  {
   "cell_type": "code",
   "execution_count": 8,
   "metadata": {},
   "outputs": [
    {
     "data": {
      "text/plain": [
       "17"
      ]
     },
     "execution_count": 8,
     "metadata": {},
     "output_type": "execute_result"
    }
   ],
   "source": [
    "len([0, 1, 1, 2, 4, 2, 4, 8, 8, 1, 2, 1, 2, 4, 4, 8, 8])"
   ]
  },
  {
   "cell_type": "code",
   "execution_count": 9,
   "metadata": {},
   "outputs": [
    {
     "name": "stdout",
     "output_type": "stream",
     "text": [
      "Objective: 15520\n",
      "Route for vehicle 0:\n",
      " 0 Load(1) ->  2 Load(2) ->  0 Load(2)\n",
      "Distance of the route: 1552m\n",
      "Load of the route: 2\n",
      "\n",
      "Route for vehicle 1:\n",
      " 0 Load(1) ->  15 Load(2) ->  0 Load(2)\n",
      "Distance of the route: 1552m\n",
      "Load of the route: 2\n",
      "\n",
      "Route for vehicle 2:\n",
      " 0 Load(1) ->  3 Load(2) ->  0 Load(2)\n",
      "Distance of the route: 1392m\n",
      "Load of the route: 2\n",
      "\n",
      "Route for vehicle 3:\n",
      " 0 Load(1) ->  16 Load(2) ->  0 Load(2)\n",
      "Distance of the route: 1324m\n",
      "Load of the route: 2\n",
      "\n",
      "Route for vehicle 4:\n",
      " 0 Load(1) ->  4 Load(2) ->  0 Load(2)\n",
      "Distance of the route: 1164m\n",
      "Load of the route: 2\n",
      "\n",
      "Route for vehicle 5:\n",
      " 0 Load(1) ->  1 Load(2) ->  0 Load(2)\n",
      "Distance of the route: 1096m\n",
      "Load of the route: 2\n",
      "\n",
      "Route for vehicle 6:\n",
      " 0 Load(1) ->  10 Load(2) ->  0 Load(2)\n",
      "Distance of the route: 1072m\n",
      "Load of the route: 2\n",
      "\n",
      "Route for vehicle 7:\n",
      " 0 Load(1) ->  6 Load(2) ->  0 Load(2)\n",
      "Distance of the route: 1004m\n",
      "Load of the route: 2\n",
      "\n",
      "Route for vehicle 8:\n",
      " 0 Load(1) ->  11 Load(2) ->  0 Load(2)\n",
      "Distance of the route: 1004m\n",
      "Load of the route: 2\n",
      "\n",
      "Route for vehicle 9:\n",
      " 0 Load(1) ->  14 Load(2) ->  0 Load(2)\n",
      "Distance of the route: 936m\n",
      "Load of the route: 2\n",
      "\n",
      "Route for vehicle 10:\n",
      " 0 Load(1) ->  12 Load(2) ->  0 Load(2)\n",
      "Distance of the route: 776m\n",
      "Load of the route: 2\n",
      "\n",
      "Route for vehicle 11:\n",
      " 0 Load(1) ->  13 Load(2) ->  0 Load(2)\n",
      "Distance of the route: 708m\n",
      "Load of the route: 2\n",
      "\n",
      "Route for vehicle 12:\n",
      " 0 Load(1) ->  8 Load(2) ->  0 Load(2)\n",
      "Distance of the route: 616m\n",
      "Load of the route: 2\n",
      "\n",
      "Route for vehicle 13:\n",
      " 0 Load(1) ->  5 Load(2) ->  0 Load(2)\n",
      "Distance of the route: 548m\n",
      "Load of the route: 2\n",
      "\n",
      "Route for vehicle 14:\n",
      " 0 Load(1) ->  7 Load(2) ->  0 Load(2)\n",
      "Distance of the route: 388m\n",
      "Load of the route: 2\n",
      "\n",
      "Route for vehicle 15:\n",
      " 0 Load(1) ->  9 Load(2) ->  0 Load(2)\n",
      "Distance of the route: 388m\n",
      "Load of the route: 2\n",
      "\n",
      "Total distance of all routes: 15520m\n",
      "Total load of all routes: 32\n"
     ]
    }
   ],
   "source": [
    "\"\"\"Capacited Vehicles Routing Problem (CVRP).\"\"\"\n",
    "\n",
    "from ortools.constraint_solver import routing_enums_pb2\n",
    "from ortools.constraint_solver import pywrapcp\n",
    "\n",
    "n_nodes = 17\n",
    "n_vehicles = 16\n",
    "\n",
    "def create_data_model():\n",
    "    \"\"\"Stores the data for the problem.\"\"\"\n",
    "    data = {}\n",
    "    data[\"distance_matrix\"] = [\n",
    "        # fmt: off\n",
    "      [0, 548, 776, 696, 582, 274, 502, 194, 308, 194, 536, 502, 388, 354, 468, 776, 662],\n",
    "      [548, 0, 684, 308, 194, 502, 730, 354, 696, 742, 1084, 594, 480, 674, 1016, 868, 1210],\n",
    "      [776, 684, 0, 992, 878, 502, 274, 810, 468, 742, 400, 1278, 1164, 1130, 788, 1552, 754],\n",
    "      [696, 308, 992, 0, 114, 650, 878, 502, 844, 890, 1232, 514, 628, 822, 1164, 560, 1358],\n",
    "      [582, 194, 878, 114, 0, 536, 764, 388, 730, 776, 1118, 400, 514, 708, 1050, 674, 1244],\n",
    "      [274, 502, 502, 650, 536, 0, 228, 308, 194, 240, 582, 776, 662, 628, 514, 1050, 708],\n",
    "      [502, 730, 274, 878, 764, 228, 0, 536, 194, 468, 354, 1004, 890, 856, 514, 1278, 480],\n",
    "      [194, 354, 810, 502, 388, 308, 536, 0, 342, 388, 730, 468, 354, 320, 662, 742, 856],\n",
    "      [308, 696, 468, 844, 730, 194, 194, 342, 0, 274, 388, 810, 696, 662, 320, 1084, 514],\n",
    "      [194, 742, 742, 890, 776, 240, 468, 388, 274, 0, 342, 536, 422, 388, 274, 810, 468],\n",
    "      [536, 1084, 400, 1232, 1118, 582, 354, 730, 388, 342, 0, 878, 764, 730, 388, 1152, 354],\n",
    "      [502, 594, 1278, 514, 400, 776, 1004, 468, 810, 536, 878, 0, 114, 308, 650, 274, 844],\n",
    "      [388, 480, 1164, 628, 514, 662, 890, 354, 696, 422, 764, 114, 0, 194, 536, 388, 730],\n",
    "      [354, 674, 1130, 822, 708, 628, 856, 320, 662, 388, 730, 308, 194, 0, 342, 422, 536],\n",
    "      [468, 1016, 788, 1164, 1050, 514, 514, 662, 320, 274, 388, 650, 536, 342, 0, 764, 194],\n",
    "      [776, 868, 1552, 560, 674, 1050, 1278, 742, 1084, 810, 1152, 274, 388, 422, 764, 0, 798],\n",
    "      [662, 1210, 754, 1358, 1244, 708, 480, 856, 514, 468, 354, 844, 730, 536, 194, 798, 0],\n",
    "        # fmt: on\n",
    "    ]\n",
    "    data['demands'] = [1 for i in range(n_nodes)]\n",
    "    data['vehicle_capacities'] = [math.ceil(n_nodes/n_vehicles) for i in range(n_vehicles)]\n",
    "    data[\"num_vehicles\"] = n_vehicles\n",
    "    data[\"depot\"] = 0\n",
    "    return data\n",
    "\n",
    "\n",
    "def print_solution(data, manager, routing, solution):\n",
    "    \"\"\"Prints solution on console.\"\"\"\n",
    "    print(f\"Objective: {solution.ObjectiveValue()}\")\n",
    "    total_distance = 0\n",
    "    total_load = 0\n",
    "    for vehicle_id in range(data[\"num_vehicles\"]):\n",
    "        if not routing.IsVehicleUsed(solution, vehicle_id):\n",
    "            continue\n",
    "        index = routing.Start(vehicle_id)\n",
    "        plan_output = f\"Route for vehicle {vehicle_id}:\\n\"\n",
    "        route_distance = 0\n",
    "        route_load = 0\n",
    "        while not routing.IsEnd(index):\n",
    "            node_index = manager.IndexToNode(index)\n",
    "            route_load += data[\"demands\"][node_index]\n",
    "            plan_output += f\" {node_index} Load({route_load}) -> \"\n",
    "            previous_index = index\n",
    "            index = solution.Value(routing.NextVar(index))\n",
    "            route_distance += routing.GetArcCostForVehicle(\n",
    "                previous_index, index, vehicle_id\n",
    "            )\n",
    "        plan_output += f\" {manager.IndexToNode(index)} Load({route_load})\\n\"\n",
    "        plan_output += f\"Distance of the route: {route_distance}m\\n\"\n",
    "        plan_output += f\"Load of the route: {route_load}\\n\"\n",
    "        print(plan_output)\n",
    "        total_distance += route_distance\n",
    "        total_load += route_load\n",
    "    print(f\"Total distance of all routes: {total_distance}m\")\n",
    "    print(f\"Total load of all routes: {total_load}\")\n",
    "\n",
    "\n",
    "def main():\n",
    "    \"\"\"Solve the CVRP problem.\"\"\"\n",
    "    # Instantiate the data problem.\n",
    "    data = create_data_model()\n",
    "\n",
    "    # Create the routing index manager.\n",
    "    manager = pywrapcp.RoutingIndexManager(\n",
    "        len(data[\"distance_matrix\"]), data[\"num_vehicles\"], data[\"depot\"]\n",
    "    )\n",
    "\n",
    "    # Create Routing Model.\n",
    "    routing = pywrapcp.RoutingModel(manager)\n",
    "\n",
    "    # Create and register a transit callback.\n",
    "    def distance_callback(from_index, to_index):\n",
    "        \"\"\"Returns the distance between the two nodes.\"\"\"\n",
    "        # Convert from routing variable Index to distance matrix NodeIndex.\n",
    "        from_node = manager.IndexToNode(from_index)\n",
    "        to_node = manager.IndexToNode(to_index)\n",
    "        return data[\"distance_matrix\"][from_node][to_node]\n",
    "\n",
    "    transit_callback_index = routing.RegisterTransitCallback(distance_callback)\n",
    "\n",
    "    # Define cost of each arc.\n",
    "    routing.SetArcCostEvaluatorOfAllVehicles(transit_callback_index)\n",
    "\n",
    "    # Add Capacity constraint.\n",
    "    def demand_callback(from_index):\n",
    "        \"\"\"Returns the demand of the node.\"\"\"\n",
    "        # Convert from routing variable Index to demands NodeIndex.\n",
    "        from_node = manager.IndexToNode(from_index)\n",
    "        return data[\"demands\"][from_node]\n",
    "\n",
    "    demand_callback_index = routing.RegisterUnaryTransitCallback(demand_callback)\n",
    "    routing.AddDimensionWithVehicleCapacity(\n",
    "        demand_callback_index,\n",
    "        0,  # null capacity slack\n",
    "        data[\"vehicle_capacities\"],  # vehicle maximum capacities\n",
    "        True,  # start cumul to zero\n",
    "        \"Capacity\",\n",
    "    )\n",
    "\n",
    "    # Setting first solution heuristic.\n",
    "    search_parameters = pywrapcp.DefaultRoutingSearchParameters()\n",
    "    search_parameters.first_solution_strategy = (\n",
    "        routing_enums_pb2.FirstSolutionStrategy.PATH_CHEAPEST_ARC\n",
    "    )\n",
    "    search_parameters.local_search_metaheuristic = (\n",
    "        routing_enums_pb2.LocalSearchMetaheuristic.GUIDED_LOCAL_SEARCH\n",
    "    )\n",
    "    search_parameters.time_limit.FromSeconds(1)\n",
    "\n",
    "    # Solve the problem.\n",
    "    solution = routing.SolveWithParameters(search_parameters)\n",
    "\n",
    "    # Print solution on console.\n",
    "    if solution:\n",
    "        print_solution(data, manager, routing, solution)\n",
    "\n",
    "\n",
    "if __name__ == \"__main__\":\n",
    "    main()"
   ]
  },
  {
   "cell_type": "markdown",
   "metadata": {},
   "source": [
    "Learning point, if you didn't set the capacity constraints, it may not utilise all the vehicles. Reason is it's cheaper to send a vehicles close by to a location than it is to dispatch it from the depot and back again. "
   ]
  },
  {
   "cell_type": "markdown",
   "metadata": {},
   "source": [
    "# My Locations"
   ]
  },
  {
   "cell_type": "code",
   "execution_count": 10,
   "metadata": {},
   "outputs": [
    {
     "data": {
      "text/html": [
       "<div>\n",
       "<style scoped>\n",
       "    .dataframe tbody tr th:only-of-type {\n",
       "        vertical-align: middle;\n",
       "    }\n",
       "\n",
       "    .dataframe tbody tr th {\n",
       "        vertical-align: top;\n",
       "    }\n",
       "\n",
       "    .dataframe thead th {\n",
       "        text-align: right;\n",
       "    }\n",
       "</style>\n",
       "<table border=\"1\" class=\"dataframe\">\n",
       "  <thead>\n",
       "    <tr style=\"text-align: right;\">\n",
       "      <th></th>\n",
       "      <th>0</th>\n",
       "      <th>1</th>\n",
       "      <th>2</th>\n",
       "      <th>3</th>\n",
       "      <th>4</th>\n",
       "      <th>5</th>\n",
       "      <th>6</th>\n",
       "      <th>7</th>\n",
       "      <th>8</th>\n",
       "      <th>9</th>\n",
       "      <th>...</th>\n",
       "      <th>21</th>\n",
       "      <th>22</th>\n",
       "      <th>23</th>\n",
       "      <th>24</th>\n",
       "      <th>25</th>\n",
       "      <th>26</th>\n",
       "      <th>27</th>\n",
       "      <th>28</th>\n",
       "      <th>29</th>\n",
       "      <th>30</th>\n",
       "    </tr>\n",
       "  </thead>\n",
       "  <tbody>\n",
       "    <tr>\n",
       "      <th>0</th>\n",
       "      <td>0.0</td>\n",
       "      <td>20995.0</td>\n",
       "      <td>25439.0</td>\n",
       "      <td>25463.0</td>\n",
       "      <td>17623.0</td>\n",
       "      <td>22841.0</td>\n",
       "      <td>13945.0</td>\n",
       "      <td>16524.0</td>\n",
       "      <td>3667.0</td>\n",
       "      <td>19713.0</td>\n",
       "      <td>...</td>\n",
       "      <td>22924.0</td>\n",
       "      <td>12774.0</td>\n",
       "      <td>10472.0</td>\n",
       "      <td>20062.0</td>\n",
       "      <td>26858.0</td>\n",
       "      <td>23457.0</td>\n",
       "      <td>18116.0</td>\n",
       "      <td>13367.0</td>\n",
       "      <td>19671.0</td>\n",
       "      <td>25263.0</td>\n",
       "    </tr>\n",
       "    <tr>\n",
       "      <th>1</th>\n",
       "      <td>20995.0</td>\n",
       "      <td>0.0</td>\n",
       "      <td>21213.0</td>\n",
       "      <td>38108.0</td>\n",
       "      <td>20880.0</td>\n",
       "      <td>26646.0</td>\n",
       "      <td>21613.0</td>\n",
       "      <td>27861.0</td>\n",
       "      <td>18737.0</td>\n",
       "      <td>9412.0</td>\n",
       "      <td>...</td>\n",
       "      <td>19685.0</td>\n",
       "      <td>23286.0</td>\n",
       "      <td>23312.0</td>\n",
       "      <td>10212.0</td>\n",
       "      <td>19062.0</td>\n",
       "      <td>16770.0</td>\n",
       "      <td>15326.0</td>\n",
       "      <td>9151.0</td>\n",
       "      <td>9370.0</td>\n",
       "      <td>6320.0</td>\n",
       "    </tr>\n",
       "    <tr>\n",
       "      <th>2</th>\n",
       "      <td>25439.0</td>\n",
       "      <td>21213.0</td>\n",
       "      <td>0.0</td>\n",
       "      <td>21948.0</td>\n",
       "      <td>3850.0</td>\n",
       "      <td>7309.0</td>\n",
       "      <td>8709.0</td>\n",
       "      <td>13177.0</td>\n",
       "      <td>20996.0</td>\n",
       "      <td>11701.0</td>\n",
       "      <td>...</td>\n",
       "      <td>811.0</td>\n",
       "      <td>11270.0</td>\n",
       "      <td>12992.0</td>\n",
       "      <td>11710.0</td>\n",
       "      <td>5119.0</td>\n",
       "      <td>4217.0</td>\n",
       "      <td>5578.0</td>\n",
       "      <td>17684.0</td>\n",
       "      <td>11351.0</td>\n",
       "      <td>18983.0</td>\n",
       "    </tr>\n",
       "    <tr>\n",
       "      <th>3</th>\n",
       "      <td>25463.0</td>\n",
       "      <td>38108.0</td>\n",
       "      <td>21948.0</td>\n",
       "      <td>0.0</td>\n",
       "      <td>18434.0</td>\n",
       "      <td>12917.0</td>\n",
       "      <td>17297.0</td>\n",
       "      <td>12932.0</td>\n",
       "      <td>25066.0</td>\n",
       "      <td>30591.0</td>\n",
       "      <td>...</td>\n",
       "      <td>22095.0</td>\n",
       "      <td>16909.0</td>\n",
       "      <td>20765.0</td>\n",
       "      <td>30940.0</td>\n",
       "      <td>25110.0</td>\n",
       "      <td>26365.0</td>\n",
       "      <td>21541.0</td>\n",
       "      <td>33535.0</td>\n",
       "      <td>28617.0</td>\n",
       "      <td>37735.0</td>\n",
       "    </tr>\n",
       "    <tr>\n",
       "      <th>4</th>\n",
       "      <td>17623.0</td>\n",
       "      <td>20880.0</td>\n",
       "      <td>3850.0</td>\n",
       "      <td>18434.0</td>\n",
       "      <td>0.0</td>\n",
       "      <td>5093.0</td>\n",
       "      <td>5597.0</td>\n",
       "      <td>9829.0</td>\n",
       "      <td>18894.0</td>\n",
       "      <td>12084.0</td>\n",
       "      <td>...</td>\n",
       "      <td>4251.0</td>\n",
       "      <td>7922.0</td>\n",
       "      <td>7345.0</td>\n",
       "      <td>12141.0</td>\n",
       "      <td>9199.0</td>\n",
       "      <td>9114.0</td>\n",
       "      <td>4230.0</td>\n",
       "      <td>15582.0</td>\n",
       "      <td>11305.0</td>\n",
       "      <td>23018.0</td>\n",
       "    </tr>\n",
       "    <tr>\n",
       "      <th>5</th>\n",
       "      <td>22841.0</td>\n",
       "      <td>26646.0</td>\n",
       "      <td>7309.0</td>\n",
       "      <td>12917.0</td>\n",
       "      <td>5093.0</td>\n",
       "      <td>0.0</td>\n",
       "      <td>7890.0</td>\n",
       "      <td>7812.0</td>\n",
       "      <td>22653.0</td>\n",
       "      <td>17560.0</td>\n",
       "      <td>...</td>\n",
       "      <td>7907.0</td>\n",
       "      <td>8618.0</td>\n",
       "      <td>10340.0</td>\n",
       "      <td>17569.0</td>\n",
       "      <td>10493.0</td>\n",
       "      <td>10938.0</td>\n",
       "      <td>9524.0</td>\n",
       "      <td>19877.0</td>\n",
       "      <td>17209.0</td>\n",
       "      <td>24842.0</td>\n",
       "    </tr>\n",
       "    <tr>\n",
       "      <th>6</th>\n",
       "      <td>13945.0</td>\n",
       "      <td>21613.0</td>\n",
       "      <td>8709.0</td>\n",
       "      <td>17297.0</td>\n",
       "      <td>5597.0</td>\n",
       "      <td>7890.0</td>\n",
       "      <td>0.0</td>\n",
       "      <td>6662.0</td>\n",
       "      <td>14022.0</td>\n",
       "      <td>13625.0</td>\n",
       "      <td>...</td>\n",
       "      <td>8841.0</td>\n",
       "      <td>2620.0</td>\n",
       "      <td>3762.0</td>\n",
       "      <td>13928.0</td>\n",
       "      <td>12852.0</td>\n",
       "      <td>11469.0</td>\n",
       "      <td>6128.0</td>\n",
       "      <td>15963.0</td>\n",
       "      <td>13092.0</td>\n",
       "      <td>20505.0</td>\n",
       "    </tr>\n",
       "    <tr>\n",
       "      <th>7</th>\n",
       "      <td>16524.0</td>\n",
       "      <td>27861.0</td>\n",
       "      <td>13177.0</td>\n",
       "      <td>12932.0</td>\n",
       "      <td>9829.0</td>\n",
       "      <td>7812.0</td>\n",
       "      <td>6662.0</td>\n",
       "      <td>0.0</td>\n",
       "      <td>17217.0</td>\n",
       "      <td>19688.0</td>\n",
       "      <td>...</td>\n",
       "      <td>13443.0</td>\n",
       "      <td>4585.0</td>\n",
       "      <td>7115.0</td>\n",
       "      <td>19992.0</td>\n",
       "      <td>17799.0</td>\n",
       "      <td>17714.0</td>\n",
       "      <td>12191.0</td>\n",
       "      <td>22027.0</td>\n",
       "      <td>19155.0</td>\n",
       "      <td>31618.0</td>\n",
       "    </tr>\n",
       "    <tr>\n",
       "      <th>8</th>\n",
       "      <td>3667.0</td>\n",
       "      <td>18737.0</td>\n",
       "      <td>20996.0</td>\n",
       "      <td>25066.0</td>\n",
       "      <td>18894.0</td>\n",
       "      <td>22653.0</td>\n",
       "      <td>14022.0</td>\n",
       "      <td>17217.0</td>\n",
       "      <td>0.0</td>\n",
       "      <td>17337.0</td>\n",
       "      <td>...</td>\n",
       "      <td>20548.0</td>\n",
       "      <td>13141.0</td>\n",
       "      <td>10840.0</td>\n",
       "      <td>17686.0</td>\n",
       "      <td>24482.0</td>\n",
       "      <td>21081.0</td>\n",
       "      <td>15740.0</td>\n",
       "      <td>10991.0</td>\n",
       "      <td>17294.0</td>\n",
       "      <td>22887.0</td>\n",
       "    </tr>\n",
       "    <tr>\n",
       "      <th>9</th>\n",
       "      <td>19713.0</td>\n",
       "      <td>9412.0</td>\n",
       "      <td>11701.0</td>\n",
       "      <td>30591.0</td>\n",
       "      <td>12084.0</td>\n",
       "      <td>17560.0</td>\n",
       "      <td>13625.0</td>\n",
       "      <td>19688.0</td>\n",
       "      <td>17337.0</td>\n",
       "      <td>0.0</td>\n",
       "      <td>...</td>\n",
       "      <td>9240.0</td>\n",
       "      <td>15258.0</td>\n",
       "      <td>15284.0</td>\n",
       "      <td>877.0</td>\n",
       "      <td>9468.0</td>\n",
       "      <td>7176.0</td>\n",
       "      <td>7766.0</td>\n",
       "      <td>9806.0</td>\n",
       "      <td>607.0</td>\n",
       "      <td>7469.0</td>\n",
       "    </tr>\n",
       "    <tr>\n",
       "      <th>10</th>\n",
       "      <td>2712.0</td>\n",
       "      <td>23538.0</td>\n",
       "      <td>23572.0</td>\n",
       "      <td>23332.0</td>\n",
       "      <td>16962.0</td>\n",
       "      <td>20919.0</td>\n",
       "      <td>12882.0</td>\n",
       "      <td>14555.0</td>\n",
       "      <td>5982.0</td>\n",
       "      <td>22455.0</td>\n",
       "      <td>...</td>\n",
       "      <td>21727.0</td>\n",
       "      <td>10971.0</td>\n",
       "      <td>9759.0</td>\n",
       "      <td>22520.0</td>\n",
       "      <td>26083.0</td>\n",
       "      <td>25914.0</td>\n",
       "      <td>20573.0</td>\n",
       "      <td>15825.0</td>\n",
       "      <td>22128.0</td>\n",
       "      <td>27721.0</td>\n",
       "    </tr>\n",
       "    <tr>\n",
       "      <th>11</th>\n",
       "      <td>21725.0</td>\n",
       "      <td>19141.0</td>\n",
       "      <td>1831.0</td>\n",
       "      <td>20969.0</td>\n",
       "      <td>3052.0</td>\n",
       "      <td>7209.0</td>\n",
       "      <td>7643.0</td>\n",
       "      <td>12318.0</td>\n",
       "      <td>19349.0</td>\n",
       "      <td>9509.0</td>\n",
       "      <td>...</td>\n",
       "      <td>1751.0</td>\n",
       "      <td>10421.0</td>\n",
       "      <td>9217.0</td>\n",
       "      <td>9732.0</td>\n",
       "      <td>5762.0</td>\n",
       "      <td>4740.0</td>\n",
       "      <td>3935.0</td>\n",
       "      <td>16041.0</td>\n",
       "      <td>8896.0</td>\n",
       "      <td>16309.0</td>\n",
       "    </tr>\n",
       "    <tr>\n",
       "      <th>12</th>\n",
       "      <td>17616.0</td>\n",
       "      <td>32032.0</td>\n",
       "      <td>18193.0</td>\n",
       "      <td>9439.0</td>\n",
       "      <td>14845.0</td>\n",
       "      <td>12946.0</td>\n",
       "      <td>11548.0</td>\n",
       "      <td>5319.0</td>\n",
       "      <td>17984.0</td>\n",
       "      <td>24849.0</td>\n",
       "      <td>...</td>\n",
       "      <td>18138.0</td>\n",
       "      <td>9201.0</td>\n",
       "      <td>13053.0</td>\n",
       "      <td>24686.0</td>\n",
       "      <td>22494.0</td>\n",
       "      <td>22409.0</td>\n",
       "      <td>16886.0</td>\n",
       "      <td>25823.0</td>\n",
       "      <td>23850.0</td>\n",
       "      <td>36312.0</td>\n",
       "    </tr>\n",
       "    <tr>\n",
       "      <th>13</th>\n",
       "      <td>20074.0</td>\n",
       "      <td>9502.0</td>\n",
       "      <td>12200.0</td>\n",
       "      <td>30952.0</td>\n",
       "      <td>16234.0</td>\n",
       "      <td>18058.0</td>\n",
       "      <td>14568.0</td>\n",
       "      <td>24834.0</td>\n",
       "      <td>17698.0</td>\n",
       "      <td>1597.0</td>\n",
       "      <td>...</td>\n",
       "      <td>10244.0</td>\n",
       "      <td>16715.0</td>\n",
       "      <td>16742.0</td>\n",
       "      <td>928.0</td>\n",
       "      <td>9620.0</td>\n",
       "      <td>7328.0</td>\n",
       "      <td>9931.0</td>\n",
       "      <td>9178.0</td>\n",
       "      <td>1629.0</td>\n",
       "      <td>7225.0</td>\n",
       "    </tr>\n",
       "    <tr>\n",
       "      <th>14</th>\n",
       "      <td>27251.0</td>\n",
       "      <td>19455.0</td>\n",
       "      <td>5297.0</td>\n",
       "      <td>25289.0</td>\n",
       "      <td>9378.0</td>\n",
       "      <td>10671.0</td>\n",
       "      <td>13031.0</td>\n",
       "      <td>17978.0</td>\n",
       "      <td>24875.0</td>\n",
       "      <td>9861.0</td>\n",
       "      <td>...</td>\n",
       "      <td>4726.0</td>\n",
       "      <td>16139.0</td>\n",
       "      <td>17860.0</td>\n",
       "      <td>10029.0</td>\n",
       "      <td>537.0</td>\n",
       "      <td>4747.0</td>\n",
       "      <td>9366.0</td>\n",
       "      <td>19256.0</td>\n",
       "      <td>9670.0</td>\n",
       "      <td>17302.0</td>\n",
       "    </tr>\n",
       "    <tr>\n",
       "      <th>15</th>\n",
       "      <td>25619.0</td>\n",
       "      <td>21989.0</td>\n",
       "      <td>3621.0</td>\n",
       "      <td>18335.0</td>\n",
       "      <td>4136.0</td>\n",
       "      <td>5412.0</td>\n",
       "      <td>9164.0</td>\n",
       "      <td>11127.0</td>\n",
       "      <td>22188.0</td>\n",
       "      <td>14063.0</td>\n",
       "      <td>...</td>\n",
       "      <td>4655.0</td>\n",
       "      <td>11393.0</td>\n",
       "      <td>10803.0</td>\n",
       "      <td>14317.0</td>\n",
       "      <td>6753.0</td>\n",
       "      <td>7686.0</td>\n",
       "      <td>6854.0</td>\n",
       "      <td>18488.0</td>\n",
       "      <td>13957.0</td>\n",
       "      <td>21590.0</td>\n",
       "    </tr>\n",
       "    <tr>\n",
       "      <th>16</th>\n",
       "      <td>24470.0</td>\n",
       "      <td>36247.0</td>\n",
       "      <td>20087.0</td>\n",
       "      <td>1421.0</td>\n",
       "      <td>16739.0</td>\n",
       "      <td>11853.0</td>\n",
       "      <td>15952.0</td>\n",
       "      <td>11354.0</td>\n",
       "      <td>24837.0</td>\n",
       "      <td>29322.0</td>\n",
       "      <td>...</td>\n",
       "      <td>20640.0</td>\n",
       "      <td>15739.0</td>\n",
       "      <td>19596.0</td>\n",
       "      <td>29486.0</td>\n",
       "      <td>23656.0</td>\n",
       "      <td>24911.0</td>\n",
       "      <td>20087.0</td>\n",
       "      <td>32366.0</td>\n",
       "      <td>26155.0</td>\n",
       "      <td>36281.0</td>\n",
       "    </tr>\n",
       "    <tr>\n",
       "      <th>17</th>\n",
       "      <td>16631.0</td>\n",
       "      <td>24297.0</td>\n",
       "      <td>9101.0</td>\n",
       "      <td>13414.0</td>\n",
       "      <td>5752.0</td>\n",
       "      <td>4664.0</td>\n",
       "      <td>4531.0</td>\n",
       "      <td>3526.0</td>\n",
       "      <td>16999.0</td>\n",
       "      <td>16269.0</td>\n",
       "      <td>...</td>\n",
       "      <td>9757.0</td>\n",
       "      <td>4579.0</td>\n",
       "      <td>6300.0</td>\n",
       "      <td>16399.0</td>\n",
       "      <td>14113.0</td>\n",
       "      <td>14027.0</td>\n",
       "      <td>8599.0</td>\n",
       "      <td>18434.0</td>\n",
       "      <td>15563.0</td>\n",
       "      <td>22976.0</td>\n",
       "    </tr>\n",
       "    <tr>\n",
       "      <th>18</th>\n",
       "      <td>20540.0</td>\n",
       "      <td>1054.0</td>\n",
       "      <td>20294.0</td>\n",
       "      <td>35631.0</td>\n",
       "      <td>17860.0</td>\n",
       "      <td>23615.0</td>\n",
       "      <td>19701.0</td>\n",
       "      <td>25765.0</td>\n",
       "      <td>18164.0</td>\n",
       "      <td>8459.0</td>\n",
       "      <td>...</td>\n",
       "      <td>18662.0</td>\n",
       "      <td>21638.0</td>\n",
       "      <td>21665.0</td>\n",
       "      <td>9189.0</td>\n",
       "      <td>18038.0</td>\n",
       "      <td>15747.0</td>\n",
       "      <td>13678.0</td>\n",
       "      <td>8519.0</td>\n",
       "      <td>8373.0</td>\n",
       "      <td>5504.0</td>\n",
       "    </tr>\n",
       "    <tr>\n",
       "      <th>19</th>\n",
       "      <td>15706.0</td>\n",
       "      <td>11084.0</td>\n",
       "      <td>10060.0</td>\n",
       "      <td>26024.0</td>\n",
       "      <td>8713.0</td>\n",
       "      <td>14007.0</td>\n",
       "      <td>10461.0</td>\n",
       "      <td>16524.0</td>\n",
       "      <td>13330.0</td>\n",
       "      <td>4159.0</td>\n",
       "      <td>...</td>\n",
       "      <td>9615.0</td>\n",
       "      <td>12109.0</td>\n",
       "      <td>12136.0</td>\n",
       "      <td>4433.0</td>\n",
       "      <td>11994.0</td>\n",
       "      <td>9702.0</td>\n",
       "      <td>4602.0</td>\n",
       "      <td>7399.0</td>\n",
       "      <td>4063.0</td>\n",
       "      <td>11535.0</td>\n",
       "    </tr>\n",
       "    <tr>\n",
       "      <th>20</th>\n",
       "      <td>956.0</td>\n",
       "      <td>21132.0</td>\n",
       "      <td>24756.0</td>\n",
       "      <td>24516.0</td>\n",
       "      <td>17056.0</td>\n",
       "      <td>22103.0</td>\n",
       "      <td>13472.0</td>\n",
       "      <td>16667.0</td>\n",
       "      <td>3711.0</td>\n",
       "      <td>20048.0</td>\n",
       "      <td>...</td>\n",
       "      <td>22765.0</td>\n",
       "      <td>12233.0</td>\n",
       "      <td>9931.0</td>\n",
       "      <td>19903.0</td>\n",
       "      <td>29409.0</td>\n",
       "      <td>23298.0</td>\n",
       "      <td>17957.0</td>\n",
       "      <td>13208.0</td>\n",
       "      <td>19511.0</td>\n",
       "      <td>25104.0</td>\n",
       "    </tr>\n",
       "    <tr>\n",
       "      <th>21</th>\n",
       "      <td>22924.0</td>\n",
       "      <td>19685.0</td>\n",
       "      <td>811.0</td>\n",
       "      <td>22095.0</td>\n",
       "      <td>4251.0</td>\n",
       "      <td>7907.0</td>\n",
       "      <td>8841.0</td>\n",
       "      <td>13443.0</td>\n",
       "      <td>20548.0</td>\n",
       "      <td>9240.0</td>\n",
       "      <td>...</td>\n",
       "      <td>0.0</td>\n",
       "      <td>11708.0</td>\n",
       "      <td>10859.0</td>\n",
       "      <td>11413.0</td>\n",
       "      <td>4712.0</td>\n",
       "      <td>3810.0</td>\n",
       "      <td>5577.0</td>\n",
       "      <td>17683.0</td>\n",
       "      <td>8974.0</td>\n",
       "      <td>18686.0</td>\n",
       "    </tr>\n",
       "    <tr>\n",
       "      <th>22</th>\n",
       "      <td>12774.0</td>\n",
       "      <td>23286.0</td>\n",
       "      <td>11270.0</td>\n",
       "      <td>16909.0</td>\n",
       "      <td>7922.0</td>\n",
       "      <td>8618.0</td>\n",
       "      <td>2620.0</td>\n",
       "      <td>4585.0</td>\n",
       "      <td>13141.0</td>\n",
       "      <td>15258.0</td>\n",
       "      <td>...</td>\n",
       "      <td>11708.0</td>\n",
       "      <td>0.0</td>\n",
       "      <td>3104.0</td>\n",
       "      <td>15444.0</td>\n",
       "      <td>15743.0</td>\n",
       "      <td>12985.0</td>\n",
       "      <td>7643.0</td>\n",
       "      <td>17479.0</td>\n",
       "      <td>14607.0</td>\n",
       "      <td>22020.0</td>\n",
       "    </tr>\n",
       "    <tr>\n",
       "      <th>23</th>\n",
       "      <td>10472.0</td>\n",
       "      <td>23312.0</td>\n",
       "      <td>12992.0</td>\n",
       "      <td>20765.0</td>\n",
       "      <td>7345.0</td>\n",
       "      <td>10340.0</td>\n",
       "      <td>3762.0</td>\n",
       "      <td>7115.0</td>\n",
       "      <td>10840.0</td>\n",
       "      <td>15284.0</td>\n",
       "      <td>...</td>\n",
       "      <td>10859.0</td>\n",
       "      <td>3104.0</td>\n",
       "      <td>0.0</td>\n",
       "      <td>15480.0</td>\n",
       "      <td>17518.0</td>\n",
       "      <td>13021.0</td>\n",
       "      <td>7679.0</td>\n",
       "      <td>14086.0</td>\n",
       "      <td>14643.0</td>\n",
       "      <td>22056.0</td>\n",
       "    </tr>\n",
       "    <tr>\n",
       "      <th>24</th>\n",
       "      <td>20062.0</td>\n",
       "      <td>10212.0</td>\n",
       "      <td>11710.0</td>\n",
       "      <td>30940.0</td>\n",
       "      <td>12141.0</td>\n",
       "      <td>17569.0</td>\n",
       "      <td>13928.0</td>\n",
       "      <td>19992.0</td>\n",
       "      <td>17686.0</td>\n",
       "      <td>877.0</td>\n",
       "      <td>...</td>\n",
       "      <td>11413.0</td>\n",
       "      <td>15444.0</td>\n",
       "      <td>15480.0</td>\n",
       "      <td>0.0</td>\n",
       "      <td>9313.0</td>\n",
       "      <td>7021.0</td>\n",
       "      <td>8104.0</td>\n",
       "      <td>9953.0</td>\n",
       "      <td>906.0</td>\n",
       "      <td>6872.0</td>\n",
       "    </tr>\n",
       "    <tr>\n",
       "      <th>25</th>\n",
       "      <td>26858.0</td>\n",
       "      <td>19062.0</td>\n",
       "      <td>5119.0</td>\n",
       "      <td>25110.0</td>\n",
       "      <td>9199.0</td>\n",
       "      <td>10493.0</td>\n",
       "      <td>12852.0</td>\n",
       "      <td>17799.0</td>\n",
       "      <td>24482.0</td>\n",
       "      <td>9468.0</td>\n",
       "      <td>...</td>\n",
       "      <td>4712.0</td>\n",
       "      <td>15743.0</td>\n",
       "      <td>17518.0</td>\n",
       "      <td>9313.0</td>\n",
       "      <td>0.0</td>\n",
       "      <td>4226.0</td>\n",
       "      <td>8845.0</td>\n",
       "      <td>18734.0</td>\n",
       "      <td>9148.0</td>\n",
       "      <td>16781.0</td>\n",
       "    </tr>\n",
       "    <tr>\n",
       "      <th>26</th>\n",
       "      <td>23457.0</td>\n",
       "      <td>16770.0</td>\n",
       "      <td>4217.0</td>\n",
       "      <td>26365.0</td>\n",
       "      <td>9114.0</td>\n",
       "      <td>10938.0</td>\n",
       "      <td>11469.0</td>\n",
       "      <td>17714.0</td>\n",
       "      <td>21081.0</td>\n",
       "      <td>7176.0</td>\n",
       "      <td>...</td>\n",
       "      <td>3810.0</td>\n",
       "      <td>12985.0</td>\n",
       "      <td>13021.0</td>\n",
       "      <td>7021.0</td>\n",
       "      <td>4226.0</td>\n",
       "      <td>0.0</td>\n",
       "      <td>5358.0</td>\n",
       "      <td>16134.0</td>\n",
       "      <td>6548.0</td>\n",
       "      <td>14180.0</td>\n",
       "    </tr>\n",
       "    <tr>\n",
       "      <th>27</th>\n",
       "      <td>18116.0</td>\n",
       "      <td>15326.0</td>\n",
       "      <td>5578.0</td>\n",
       "      <td>21541.0</td>\n",
       "      <td>4230.0</td>\n",
       "      <td>9524.0</td>\n",
       "      <td>6128.0</td>\n",
       "      <td>12191.0</td>\n",
       "      <td>15740.0</td>\n",
       "      <td>7766.0</td>\n",
       "      <td>...</td>\n",
       "      <td>5577.0</td>\n",
       "      <td>7643.0</td>\n",
       "      <td>7679.0</td>\n",
       "      <td>8104.0</td>\n",
       "      <td>8845.0</td>\n",
       "      <td>5358.0</td>\n",
       "      <td>0.0</td>\n",
       "      <td>11683.0</td>\n",
       "      <td>7137.0</td>\n",
       "      <td>14549.0</td>\n",
       "    </tr>\n",
       "    <tr>\n",
       "      <th>28</th>\n",
       "      <td>13367.0</td>\n",
       "      <td>9151.0</td>\n",
       "      <td>17684.0</td>\n",
       "      <td>33535.0</td>\n",
       "      <td>15582.0</td>\n",
       "      <td>19877.0</td>\n",
       "      <td>15963.0</td>\n",
       "      <td>22027.0</td>\n",
       "      <td>10991.0</td>\n",
       "      <td>9806.0</td>\n",
       "      <td>...</td>\n",
       "      <td>17683.0</td>\n",
       "      <td>17479.0</td>\n",
       "      <td>14086.0</td>\n",
       "      <td>9953.0</td>\n",
       "      <td>18734.0</td>\n",
       "      <td>16134.0</td>\n",
       "      <td>11683.0</td>\n",
       "      <td>0.0</td>\n",
       "      <td>9942.0</td>\n",
       "      <td>11890.0</td>\n",
       "    </tr>\n",
       "    <tr>\n",
       "      <th>29</th>\n",
       "      <td>19671.0</td>\n",
       "      <td>9370.0</td>\n",
       "      <td>11351.0</td>\n",
       "      <td>28617.0</td>\n",
       "      <td>11305.0</td>\n",
       "      <td>17209.0</td>\n",
       "      <td>13092.0</td>\n",
       "      <td>19155.0</td>\n",
       "      <td>17294.0</td>\n",
       "      <td>607.0</td>\n",
       "      <td>...</td>\n",
       "      <td>8974.0</td>\n",
       "      <td>14607.0</td>\n",
       "      <td>14643.0</td>\n",
       "      <td>906.0</td>\n",
       "      <td>9148.0</td>\n",
       "      <td>6548.0</td>\n",
       "      <td>7137.0</td>\n",
       "      <td>9942.0</td>\n",
       "      <td>0.0</td>\n",
       "      <td>7497.0</td>\n",
       "    </tr>\n",
       "    <tr>\n",
       "      <th>30</th>\n",
       "      <td>25263.0</td>\n",
       "      <td>6320.0</td>\n",
       "      <td>18983.0</td>\n",
       "      <td>37735.0</td>\n",
       "      <td>23018.0</td>\n",
       "      <td>24842.0</td>\n",
       "      <td>20505.0</td>\n",
       "      <td>31618.0</td>\n",
       "      <td>22887.0</td>\n",
       "      <td>7469.0</td>\n",
       "      <td>...</td>\n",
       "      <td>18686.0</td>\n",
       "      <td>22020.0</td>\n",
       "      <td>22056.0</td>\n",
       "      <td>6872.0</td>\n",
       "      <td>16781.0</td>\n",
       "      <td>14180.0</td>\n",
       "      <td>14549.0</td>\n",
       "      <td>11890.0</td>\n",
       "      <td>7497.0</td>\n",
       "      <td>0.0</td>\n",
       "    </tr>\n",
       "  </tbody>\n",
       "</table>\n",
       "<p>31 rows × 31 columns</p>\n",
       "</div>"
      ],
      "text/plain": [
       "         0        1        2        3        4        5        6        7   \\\n",
       "0       0.0  20995.0  25439.0  25463.0  17623.0  22841.0  13945.0  16524.0   \n",
       "1   20995.0      0.0  21213.0  38108.0  20880.0  26646.0  21613.0  27861.0   \n",
       "2   25439.0  21213.0      0.0  21948.0   3850.0   7309.0   8709.0  13177.0   \n",
       "3   25463.0  38108.0  21948.0      0.0  18434.0  12917.0  17297.0  12932.0   \n",
       "4   17623.0  20880.0   3850.0  18434.0      0.0   5093.0   5597.0   9829.0   \n",
       "5   22841.0  26646.0   7309.0  12917.0   5093.0      0.0   7890.0   7812.0   \n",
       "6   13945.0  21613.0   8709.0  17297.0   5597.0   7890.0      0.0   6662.0   \n",
       "7   16524.0  27861.0  13177.0  12932.0   9829.0   7812.0   6662.0      0.0   \n",
       "8    3667.0  18737.0  20996.0  25066.0  18894.0  22653.0  14022.0  17217.0   \n",
       "9   19713.0   9412.0  11701.0  30591.0  12084.0  17560.0  13625.0  19688.0   \n",
       "10   2712.0  23538.0  23572.0  23332.0  16962.0  20919.0  12882.0  14555.0   \n",
       "11  21725.0  19141.0   1831.0  20969.0   3052.0   7209.0   7643.0  12318.0   \n",
       "12  17616.0  32032.0  18193.0   9439.0  14845.0  12946.0  11548.0   5319.0   \n",
       "13  20074.0   9502.0  12200.0  30952.0  16234.0  18058.0  14568.0  24834.0   \n",
       "14  27251.0  19455.0   5297.0  25289.0   9378.0  10671.0  13031.0  17978.0   \n",
       "15  25619.0  21989.0   3621.0  18335.0   4136.0   5412.0   9164.0  11127.0   \n",
       "16  24470.0  36247.0  20087.0   1421.0  16739.0  11853.0  15952.0  11354.0   \n",
       "17  16631.0  24297.0   9101.0  13414.0   5752.0   4664.0   4531.0   3526.0   \n",
       "18  20540.0   1054.0  20294.0  35631.0  17860.0  23615.0  19701.0  25765.0   \n",
       "19  15706.0  11084.0  10060.0  26024.0   8713.0  14007.0  10461.0  16524.0   \n",
       "20    956.0  21132.0  24756.0  24516.0  17056.0  22103.0  13472.0  16667.0   \n",
       "21  22924.0  19685.0    811.0  22095.0   4251.0   7907.0   8841.0  13443.0   \n",
       "22  12774.0  23286.0  11270.0  16909.0   7922.0   8618.0   2620.0   4585.0   \n",
       "23  10472.0  23312.0  12992.0  20765.0   7345.0  10340.0   3762.0   7115.0   \n",
       "24  20062.0  10212.0  11710.0  30940.0  12141.0  17569.0  13928.0  19992.0   \n",
       "25  26858.0  19062.0   5119.0  25110.0   9199.0  10493.0  12852.0  17799.0   \n",
       "26  23457.0  16770.0   4217.0  26365.0   9114.0  10938.0  11469.0  17714.0   \n",
       "27  18116.0  15326.0   5578.0  21541.0   4230.0   9524.0   6128.0  12191.0   \n",
